%AssignFour - Ryan Lebeau - 104535367
%Q2a
A=[1 -2 4 -8 16;1 -1 1 -1 1;1 0 0 0 0;1 1 1 1 1;1 2 4 8 16];
B=[4;-1;3;1;8];
X=A\B

%2b,3bd,4abcd,5b,6b